[gd_scene load_steps=8 format=3 uid="uid://1hrlieyp85wi"]

[ext_resource type="PackedScene" uid="uid://d2nxinnku83xw" path="res://scenes/player/player.tscn" id="1_gn6kh"]
[ext_resource type="Script" path="res://scenes/main.gd" id="1_uu6re"]
[ext_resource type="Environment" uid="uid://dk5bpn7qpy38g" path="res://scenes/worldenvironment.tres" id="2_l6xec"]
[ext_resource type="PackedScene" uid="uid://b5c2k5kofgpp7" path="res://scenes/weapons/ammopickup/ammo_pickup.tscn" id="3_hfh1v"]
[ext_resource type="PackedScene" uid="uid://bpm0kxuo7brtr" path="res://scenes/weapons/armed/handcannon/handcannonpickup.tscn" id="4_shaoc"]
[ext_resource type="PackedScene" uid="uid://dxy1jvkjx11ib" path="res://scenes/weapons/armed/assaultrifle/assault_riflepickup.tscn" id="5_s1fj1"]
[ext_resource type="PackedScene" uid="uid://beki5q4inpgd" path="res://data/meshes/level.glb" id="6_fwn44"]

[node name="Node3D" type="Node3D"]
script = ExtResource("1_uu6re")

[node name="WorldEnvironment" type="WorldEnvironment" parent="."]
environment = ExtResource("2_l6xec")

[node name="Player" parent="." instance=ExtResource("1_gn6kh")]
transform = Transform3D(1, 0, 0, 0, 1, 0, 0, 0, 1, 2.99473, -0.0660729, -0.875505)

[node name="AmmoPickup" parent="." instance=ExtResource("3_hfh1v")]
transform = Transform3D(1, 0, 0, 0, 1, 0, 0, 0, 1, 5.36296, 0.735694, 4.86748)

[node name="Pickup" type="Node3D" parent="."]

[node name="HandCannon2" parent="Pickup" instance=ExtResource("4_shaoc")]
transform = Transform3D(0.0965581, 0.995327, 0, -0.995327, 0.0965581, 0, 0, 0, 1, 1.58148, 0.201091, 7.54485)

[node name="HandCannon" parent="Pickup" instance=ExtResource("4_shaoc")]
transform = Transform3D(-0.0158749, 0.982165, -0.187347, -0.999869, -0.016161, 6.20005e-10, -0.00302772, 0.187322, 0.982293, 1.24987, 0.802291, 7.16632)

[node name="AssaultRifle" parent="Pickup" instance=ExtResource("5_s1fj1")]
transform = Transform3D(0.00238209, -0.637769, -0.770224, 0.999993, 0.00373501, 0, 0.0028768, -0.770219, 0.637774, 1.72692, 0.632271, 7.36772)

[node name="AssaultRifle2" parent="Pickup" instance=ExtResource("5_s1fj1")]
transform = Transform3D(-0.0119901, 0.999928, 0, -0.999928, -0.0119901, 0, 0, 0, 1, 1.26531, 0.183691, 7.66142)

[node name="LightManager" type="Node" parent="."]

[node name="OmniLight3D" type="OmniLight3D" parent="LightManager"]
transform = Transform3D(1, 0, 0, 0, 1, 0, 0, 0, 1, 0.321268, 1.58718, -13.7386)
light_color = Color(1, 0.941176, 0.843137, 1)
light_energy = 4.2
shadow_enabled = true
omni_range = 20.0

[node name="OmniLight3D3" type="OmniLight3D" parent="LightManager"]
transform = Transform3D(1, 0, 0, 0, 1, 0, 0, 0, 1, 9.32348, 1.58718, 11.5122)
light_color = Color(1, 0.941176, 0.843137, 1)
light_energy = 4.2
shadow_enabled = true
omni_range = 20.0

[node name="OmniLight3D2" type="OmniLight3D" parent="LightManager"]
transform = Transform3D(1, 0, 0, 0, 1, 0, 0, 0, 1, -9.93385, 1.58718, 7.08375)
light_color = Color(1, 0.941176, 0.843137, 1)
light_energy = 4.2
shadow_enabled = true
omni_range = 20.0

[node name="DirectionalLight3D" type="DirectionalLight3D" parent="LightManager"]
transform = Transform3D(-0.866025, -0.089401, 0.491943, 0, 0.983885, 0.178802, -0.5, 0.154847, -0.852069, 3.11285, 20.7846, -5.74426)
light_color = Color(0.890196, 0.717647, 0.47451, 1)
shadow_enabled = true

[node name="level" parent="." instance=ExtResource("6_fwn44")]
